5
3 3
30 10 40
20 50 60
60 60 50
5 2
1 1000000000
500000000 1000000000
1 1000000000
500000000 1
1 1000000000
5 2
10 30
20 40
40 60
50 70
30 50
4 2
1 100
101 90
89 120
1 1
30 3
1 1000000000 5
500000000 1000000000 500000000
1 1000000000 5
500000000 1 1000000
1 1000000000 99999
1 1000000000 5
500000000 1000000000 500000000
1 1000000000 5
500000000 1 1000000
1 1000000000 99999
1 1000000000 5
500000000 1000000000 500000000
1 1000000000 5
500000000 1 1000000
1 1000000000 99999
1 1000000000 5
500000000 1000000000 500000000
1 1000000000 5
500000000 1 1000000
1 1000000000 99999
1 1000000000 5
500000000 1000000000 500000000
1 1000000000 5
500000000 1 1000000
1 1000000000 99999
1 1000000000 5
500000000 1000000000 500000000
1 1000000000 5
500000000 1 1000000
1 1000000000 99999
1 1000000000 5
500000000 1000000000 500000000
1 1000000000 5
500000000 1 1000000
1 1000000000 99999
1 1000000000 5
500000000 1000000000 500000000
1 1000000000 5
500000000 1 1000000
1 1000000000 99999
1 1000000000 5
500000000 1000000000 500000000
1 1000000000 5
500000000 1 1000000
1 1000000000 99999
1 1000000000 5
500000000 1000000000 500000000
1 1000000000 5
500000000 1 1000000
1 1000000000 99999
1 1000000000 5
500000000 1000000000 500000000
1 1000000000 5
500000000 1 1000000
1 1000000000 99999
1 1000000000 5
500000000 1000000000 500000000
1 1000000000 5
500000000 1 1000000
1 1000000000 99999
1 1000000000 5
500000000 1000000000 500000000
1 1000000000 5
500000000 1 1000000
1 1000000000 99999
1 1000000000 5
500000000 1000000000 500000000
1 1000000000 5
500000000 1 1000000
1 1000000000 99999
1 1000000000 5
500000000 1000000000 500000000
1 1000000000 5
500000000 1 1000000
1 1000000000 99999
1 1000000000 5
500000000 1000000000 500000000
1 1000000000 5
500000000 1 1000000
1 1000000000 99999
1 1000000000 5
500000000 1000000000 500000000
1 1000000000 5
500000000 1 1000000
1 1000000000 99999
1 1000000000 5
500000000 1000000000 500000000
1 1000000000 5
500000000 1 1000000
1 1000000000 99999
1 1000000000 5
500000000 1000000000 500000000
1 1000000000 5
500000000 1 1000000
1 1000000000 99999
1 1000000000 5
500000000 1000000000 500000000
1 1000000000 5
500000000 1 1000000
1 1000000000 99999